// FitResult by HetaSimulator, saved 2026-02-14 at 16:02:28
// status: :Success, OF count: 121, OF value: 17.40525268144615
Vc_0 = 6.6803760542179464;
kel = 0.2421820133133219;
kdist_p = 0.5210076582419314;
kdist_t = 0.009104652062650237;
EC50_1 = 10.4766877084759;
Emin_1 = 8.035104771490516;
Emax_1 = 41.41741084344369;
// FitResult by HetaSimulator, saved 2026-02-17 at 20:57:50
// status: :Success, OF count: 124, OF value: 17.40525268144615
Vc_0 = 6.6803760542179464;
kel = 0.2421820133133219;
kdist_p = 0.5210076582419314;
kdist_t = 0.009104652062650237;
EC50_1 = 10.4766877084759;
Emin_1 = 8.035104771490516;
Emax_1 = 41.41741084344369;
